0.25396
0.27498
0.27812
0.26065
0.26065
0.32318
0.37518
0.35379
0.35720
0.31563
0.28734
0.29834
0.26944
0.32791
0.34585
0.27471
0.24284
0.37597
0.41940
0.40189
0.34390
0.32065
0.40863
0.34832
0.44328
0.40787
0.43201
0.48255
0.44535
0.47466
0.50539
0.52078
0.60150
0.56005
0.57220
0.58297
0.53339
0.55308
0.52879
0.52121
0.53956
0.57978
0.57744
0.55571
0.57337
0.57599
0.62471
0.63459
0.65463
0.57126
0.59584
0.58968
0.58641
0.62013
0.60552
0.63997
0.63190
0.63528
0.63888
0.62433
0.58601
0.44880
0.37052
0.44178
0.48043
0.55981
0.52683
0.56915
0.61964
0.67195
0.66467
0.72439
0.66931
0.62179
0.52929
0.49003
0.56397
0.51496
0.49415
0.49415
0.51664
0.44867
0.44641
0.38575
0.35694
0.34648
0.31654
0.40000
0.35398
0.39281
0.50081
0.47726
0.54743
0.53790
0.57210
0.52699
0.55170
0.55452
0.54879
0.59386
0.50691
0.46439
0.46207
0.46207
0.39368
0.51525
0.49856
0.43185
0.45396
0.54026
0.53538
0.51533
0.49059
0.51305
0.54768
0.54470
0.50620
0.44842
0.52342
0.49934
0.48082
0.46748
0.47534
0.41468
0.36650
0.32410
0.33705
0.35053
0.34221
0.32958
0.21540
0.25239
0.31913
0.31165
0.33188
0.36838
0.36053
0.35643
0.42960
0.37977
0.43894
0.42458
0.45638
0.44826
0.47759
0.46534
0.43248
0.48203
0.48203
0.52298
0.44302
0.48318
0.54093
0.57881
0.63386
0.65921
0.62105
0.62457
0.62457
0.63647
0.61580
0.59500
0.66343
0.70048
0.74050
0.80116
0.80365
0.82130
0.83831
0.88603
0.87282
0.88093
0.85238
0.77158
0.77158
0.64709
0.67372
0.73427
0.79552
0.86343
0.89183
0.78437
0.77562
0.76641
0.77779
0.79582
0.79582
0.72161
0.71647
0.71647
0.76245
0.69632
0.68043
0.66946
0.64162
0.72262
0.76429
0.81627
0.84349
0.84755
0.84121
0.86701
0.69173
0.68245
0.63644
0.65385
0.66099
0.65574
0.65018
0.60080
0.60080
0.54242
0.58905
0.56250
0.54659
0.55249
0.62420
0.60563
0.58081
0.62044
0.67596
0.54355
0.55418
0.50518
0.53374
0.62360
0.62360
0.58946
0.55153
0.55724
0.52930
0.47310
0.48655
0.48127
0.42647
0.55539
0.61175
0.64001
0.61606
0.58651
0.52183
0.49722
0.47319
0.43682
0.56603
0.59535
0.57924
0.56284
0.57973
0.63768
0.69596
0.66987
0.66987
0.66987
0.69061
0.67437
0.64970
0.65597
0.67518
0.60529
0.55859
0.51574
0.65433
0.70377
0.70377
0.65664
0.74909
0.81821
0.88655
0.84078
0.88264
0.73232
0.78879
0.81217
0.75263
0.73916
0.82913
0.78313
0.71339
0.69850
0.65438
0.65709
0.67112
0.66689
0.65358
0.65358
0.69426
0.76912
0.72479
0.74104
0.67816
0.71897
0.71404
0.70882
0.74552
0.78105
0.74705
0.76436
0.73484
0.64850
0.65231
0.59684
0.48730
0.61305
0.55332
0.51517
0.53731
0.51418
0.47633
0.42321
0.49578
0.44178
0.43414
0.42620
0.42068
0.41777
0.39424
0.38264
0.48091
0.48091
0.45203
0.47338
0.45058
0.47888
0.46639
0.46639
0.45718
0.41320
0.30097
0.33348
0.32527
0.52841
0.50675
0.62919
0.65942
0.57744
0.69066
0.79763
0.75271
0.79909
0.82088
0.87872
0.84506
0.86797
0.81352
0.84298
0.86650
0.86337
0.79518
0.72767
0.62936
0.60988
0.62127
0.60706
0.63951
0.58160
0.55672
0.60131
0.53655
0.53655
0.52085
0.51851
0.59405
0.57823
0.62447
0.52951
0.59662
0.60319
0.60551
0.63815
0.64965
0.61871
0.63408
0.54626
0.56602
0.57469
0.51532
0.49689
0.43470
0.33157
0.29513
0.27598
0.24479
0.27512
0.37160
0.34344
0.35554
0.34147
0.33858
0.33105
0.35710
0.28922
0.22541
0.21823
0.24202
0.22245
0.29847
0.32377
0.39872
0.36927
0.31643
0.31643
0.31519
0.44872
0.46156
0.51408
0.54476
0.57238
0.61996
0.60736
0.57465
0.65567
0.63990
0.56652
0.43562
0.44961
0.42806
0.45315
0.42853
0.49796
0.53854
0.54968
0.53042
0.47115
0.46927
0.49929
0.53629
0.60922
0.53442
0.53017
0.54528
0.53096
0.54484
0.58560
0.64183
0.64418
0.69194
0.62332
0.60284
0.66240
0.65606
0.60606
0.61925
0.55633
0.64103
0.69743
0.74998
0.74998
0.75527
0.75155
0.77795
0.81818
0.82446
0.86353
0.80283
0.89099
0.90382
0.83271
0.74015
0.74316
0.69444
0.65628
0.60278
0.62408
0.58372
0.57128
0.56609
0.62128
0.65754
0.61097
0.63925
0.62115
0.60576
0.66789
0.75442
0.79371
0.76736
0.78600
0.83741
0.87147
0.87355
0.85174
0.78491
0.66636
0.67013
0.63172
0.61809
0.66392
0.64056
0.62000
0.65542
0.70809
0.68533
0.71820
0.59489
0.57466
0.59913
0.56203
0.60251
0.58576
0.63548
0.63790
0.60315
0.54241
0.47819
0.54202
0.49270
0.47928
0.44654
0.39776
0.39042
0.36164
0.47862
0.42816
0.35396
0.33944
0.36714
0.36410
0.36752
0.46358
0.49519
0.55408
0.58621
0.60794
0.56252
0.56252
0.56541
0.53337
0.58231
0.55202
0.55526
0.52983
0.50197
0.50197
0.49860
0.52506
0.60424
0.59589
0.57867
0.65662
0.74138
0.69277
0.69558
0.69084
0.75002
0.66360
0.58023
0.64352
0.68557
0.69069
0.73035
0.77946
0.79490
0.82232
0.85903
0.86783
0.87670
0.89789
0.90200
0.87995
0.82562
0.83744
0.86517
0.86517
0.87272
0.87272
0.79490
0.74707
0.60102
0.66943
0.59151
0.62046
0.63634
0.68156
0.61710
0.62678
0.54599
0.49030
0.45684
0.48466
0.51961
0.61907
0.55170
0.53965
0.54995
0.47338
0.49546
0.54493
0.60200
0.57530
0.58832
0.56697
0.63230
0.55937
0.56275
0.54215
0.51189
0.47685
0.47054
0.47986
0.46921
0.45827
0.41327
0.51406
0.59164
0.58747
0.52742
0.49475
0.56249
0.53939
0.60207
0.60207
0.48671
0.42702
0.39939
0.41754
0.41205
0.38232
0.43190
0.42885
0.43417
0.46146
0.54115
0.46667
0.40126
0.41603
0.33977
0.33977
0.36608
0.31253
0.29327
0.26999
0.24722
0.23216
0.23804
0.31292
0.34039
0.33795
0.38416
0.46750
0.44741
0.58326
0.45573
0.49511
0.60110
0.58613
0.59763
0.61522
0.60806
0.55899
0.58292
0.52266
0.54452
0.48254
0.56905
0.55322
0.57977
0.55255
0.58051
0.68036
0.67267
0.66458
0.66760
0.66300
0.64858
0.49128
0.47319
0.38638
0.50354
0.45766
0.46113
0.48964
0.46826
0.44227
0.45044
0.47150
0.52781
0.54700
0.48133
0.48133
0.48133
0.46393
0.46035
0.44197
0.45937
0.48287
0.55362
0.51641
0.50276
0.48000
0.47081
0.49068
0.55315
0.53093
0.52525
0.47590
0.31601
0.29917
0.28967
0.31077
0.43065
0.49403
0.42820
0.42183
0.42183
0.46237
0.37391
0.31200
0.30778
0.28115
0.32738
0.38730
0.36853
0.35786
0.46252
0.53241
0.51789
0.48915
0.47497
0.53567
0.60792
0.58265
0.56576
0.59913
0.55931
0.58127
0.49211
0.59006
0.63452
0.57955
0.56819
0.59109
0.60643
0.64714
0.64228
0.60790
0.64418
0.66359
0.65797
0.67064
0.79638
0.75130
0.70814
0.73583
0.78943
0.81053
0.70684
0.73175
0.74000
0.76448
0.84248
0.87660
0.90294
0.64193
0.66486
0.73572
0.68966
0.63606
0.62559
0.56318
0.60414
0.65549
0.61683
0.62963
0.65109
0.58414
0.60745
0.65350
0.62813
0.56043
0.58726
0.66278
0.69278
0.67259
0.66959
0.66959
0.70302
0.65554
0.66288
0.67550
0.67813
0.69179
0.74007
0.77353
0.82609
0.83931
0.66900
0.67805
0.70921
0.69459
0.65807
0.66860
0.63816
0.65854
0.68144
0.73566
0.73116
0.70787
0.73263
0.65922
0.65045
0.66716
0.55201
0.56705
0.59339
0.64573
0.54363
0.60076
0.63156
0.61250
0.57162
0.64225
0.66253
0.59456
0.63722
0.57116
0.61950
0.64494
0.67225
0.66033
0.64795
0.70808
0.68629
0.66428
0.66750
0.60090
0.60090
0.45123
0.39247
0.46300
0.44771
0.54835
0.58706
0.58070
0.56423
0.59075
0.61044
0.52797
0.52164
0.48128
0.46634
0.45125
0.39848
0.41282
0.34118
0.48633
0.51675
0.51675
0.46343
0.42835
0.38772
0.51426
0.47788
0.48120
0.48120
0.53067
0.48797
0.48517
0.45959
0.47618
0.50132
0.48469
0.54752
0.46371
0.48826
0.49248
0.53463
0.47420
0.50804
0.49773
0.50686
0.43894
0.42662
0.34150
0.39891
0.38154
0.36445
0.41865
0.41865
0.44425
0.49362
0.49852
0.52366
0.50639
0.57573
0.64980
0.61097
0.53749
0.65435
0.63345
0.62486
0.64961
0.63073
0.68356
0.57148
0.68192
0.74770
0.73187
0.61896
0.64677
0.70760
0.67083
0.66743
0.68924
0.63915
0.66284
0.64437
0.64729
0.69517
0.62152
0.62760
0.59708
0.58558
0.54771
0.56743
0.51856
0.47456
0.46476
0.42678
0.44200
0.44200
0.47488
0.36566
0.37637
0.39847
0.47598
0.44562
0.47091
0.55756
0.51554
0.52006
0.49656
0.45930
0.43471
0.42423
0.42423
0.47346
0.46478
0.38494
0.50182
0.43256
0.34126
0.28095
0.39290
0.44350
0.42561
0.48866
0.53043
0.45901
0.44564
0.34895
0.32198
0.33251
0.33622
0.32644
0.38505
0.40775
0.43804
0.44957
0.44428
0.44862
0.49209
0.52926
0.49817
0.48126
0.50427
0.54033
0.46812
0.55907
0.56666
0.59354
0.58083
0.55933
0.62429
0.65353
0.65353
0.63248
0.60119
0.68148
0.63030
0.52078
0.58759
0.51628
0.58764
0.60090
0.60436
0.65765
0.64885
0.62198
0.58298
0.63532
0.58408
0.59192
0.57002
0.52794
0.48906
0.48143
0.51275
0.48754
0.49874
0.45228
0.43255
0.34764
0.44309
0.37895
0.32785
0.24169
0.23314
0.21996
0.37867
0.48691
0.48036
0.53256
0.59673
0.60880
0.57802
0.57802
0.57802
0.61935
0.59879
0.54079
0.48971
0.52088
0.53475
0.49830
0.52794
0.50571
0.56132
0.58571
0.59628
0.54359
0.56298
0.49623
0.48642
0.47628
0.54655
0.55896
0.59948
0.61901
0.64952
0.65336
0.66141
0.71101
0.71101
0.61331
0.61780
0.63179
0.69199
0.69603
0.72044
0.67325
0.61727
0.60523
0.66439
0.60373
0.62378
0.57139
0.58246
0.54219
0.57767
0.49735
0.49243
0.42856
0.41611
0.38779
0.47714
0.52543
0.57520
0.59624
0.69792
0.62584
0.60017
0.60943
0.57199
0.57725
0.67447
0.66848
0.63797
0.67826
0.71862
0.74110
0.74110
0.69049
0.75764
0.68528
0.68943
0.63263
0.63752
0.67601
0.61208
0.60591
0.54657
0.52981
0.52404
0.50056
0.54986
0.52471
0.57302
0.59283
0.63107
0.59341
0.66032
0.58261
0.52242
0.56067
0.49407
0.56119
0.61453
0.70129
0.69503
0.70330
0.68931
0.66099
0.70806
0.70806
0.65509
0.69077
0.71929
0.64477
0.63765
0.71268
0.74243
0.75478
0.77891
0.79809
0.79809
0.75100
0.71467
0.80798
0.81829
0.83201
0.82237
0.84064
0.87056
0.82999
0.79033
0.73369
0.75786
0.76739
0.82967
0.86274
0.71943
0.70460
0.70931
0.70931
0.67494
0.65778
0.66421
0.66421
0.58213
0.54206
0.51171
0.45665
0.49372
0.56125
0.65619
0.61684
0.69114
0.73823
0.75966
0.70227
0.69421
0.73823
0.82370
0.76920
0.80287
0.81854
0.78644
0.76229
0.73788
0.72950
0.73439
0.72495
0.74638
0.67063
0.66159
0.72658
0.68070
0.70954
0.76069
0.80731
0.76963
0.78285
0.75338
0.74333
0.77898
0.79333
0.83266
0.88437
0.91174
0.79025
0.80477
0.80847
0.80847
0.78790
0.81816
0.78639
0.81726
0.76496
0.76997
0.68923
0.75813
0.73001
0.53171
0.59877
0.60925
0.63554
0.64086
0.66766
0.62381
0.59573
0.54913
0.52999
0.47637
0.45436
0.45436
0.44836
0.45797
0.44454
0.46564
0.41745
0.53234
0.49659
0.49659
0.53395
0.53395
0.49995
0.49995
0.58150
0.58150
0.54112
0.58235
0.59249
0.54900
0.59183
0.58038
0.58038
0.51153
0.52450
0.52450
0.52450
0.58196
0.64412
0.60041
0.58613
0.51959
0.51959
0.51959
0.56773
0.67173
0.77054
0.79860
0.73723
0.74527
0.76151
0.71331
0.72265
0.74142
0.55154
0.54089
0.54089
0.45867
0.47221
0.46222
0.63312
0.61080
0.55784
0.57857
0.58913
0.54452
0.57847
0.58972
0.71703
0.70435
0.70435
0.67659
0.64905
0.66940
0.66940
0.47339
0.47339
0.43836
0.50134
0.57732
0.54698
0.59754
0.56602
0.51707
0.56960
0.52173
0.57251
0.57251
0.58311
0.56032
0.58348
0.53677
0.48456
0.54610
0.58002
0.48884
0.47112
0.47112
0.47112
0.47112
0.47112
0.47112
0.47112
0.47112
0.47112
0.47112
0.49540
0.47659
0.62279
0.54778
0.61504
0.59660
0.67125
0.67125
0.71203
0.63199
0.53487
0.53487
0.56845
0.56845
0.72709
0.72709
0.70788
0.66978
0.69520
0.69520
0.63470
0.66404
0.64366
0.65933
0.72903
0.72903
0.55788
0.55788
0.60579
0.67437
0.67437
0.67437
0.67437
0.65160
0.66851
0.42664
0.49318
0.52408
0.58145
0.66463
0.60824
0.65223
0.66284
0.70367
0.68761
0.45358
0.44580
0.45827
0.52913
0.48359
0.45022
0.42644
0.43960
0.45323
0.50630
0.50630
0.48439
0.49918
0.60323
0.61469
0.58736
0.60013
0.57136
0.57136
0.55591
0.54017
0.54017
0.54017
0.59707
0.52482
0.52482
0.50703
0.60375
0.62080
0.58056
0.61664
0.61664
0.48753
0.40857
0.34788
0.45623
0.53083
0.49557
0.43354
0.47774
0.49228
0.49228
0.43621
0.51241
0.47862
0.42797
0.41843
0.33745
0.46321
0.47565
0.47565
0.47565
0.40127
0.36306
0.37855
0.46533
0.47884
0.47884
0.43779
0.41847
0.48054
0.65826
0.59308
0.48883
0.42806
0.49460
0.50374
0.54878
0.57461
0.58333
0.58333
0.60256
0.52374
0.53430
0.53430
0.66574
0.76520
0.81131
0.80052
0.83087
0.74709
0.58756
0.69377
0.73366
0.70607
0.72271
0.65417
0.69453
0.69891
0.70353
0.70353
0.61955
0.50217
0.53282
0.51662
0.57181
0.63098
0.62454
0.64598
0.58020
0.54437
0.54437
0.51372
0.48995
0.48995
0.48995
0.46318
0.49152
0.47012
0.44907
0.51831
0.51036
0.47876
0.46332
0.37267
0.35658
0.37995
0.36803
0.41649
0.41649
0.41649
0.53485
0.53485
0.49681
0.38030
0.39201
0.49832
0.49832
0.49017
0.42311
0.40969
0.38350
0.37702
0.40362
0.41718
0.39356
0.33269
0.33269
0.36339
0.34220
0.41718
0.40884
0.27341
0.26923
0.21884
0.29158
0.25516
0.33076
0.35147
0.33297
0.32832
0.30534
0.36338
0.36338
0.36338
0.36338
0.36338
0.36338
0.32758
0.29057
0.57415
0.60480
0.57111
0.52395
0.53286
0.50132
0.52085
0.48836
0.50933
0.45376
0.54299
0.51089
0.60366
0.57039
0.64317
0.59360
0.62192
0.62904
0.70046
0.71214
0.76086
0.78040
0.71947
0.74659
0.70672
0.68697
0.71233
0.68110
0.69491
0.74589
0.78415
0.81333
0.78966
0.69207
0.52218
0.33891
0.35204
0.38533
0.41181
0.37598
0.40988
0.39104
0.39832
0.42812
0.42812
0.50230
0.48053
0.44910
0.39364
0.39364
0.33728
0.26677
0.26186
0.25928
0.23906
0.37455
0.40261
0.43059
0.40949
0.51965
0.54244
0.54244
0.52006
0.49268
0.58584
0.58584
0.61498
0.60801
0.57306
0.61182
0.65896
0.69619
0.64918
0.73985
0.67537
0.68474
0.67728
0.63279
0.62542
0.63171
0.63833
0.67718
0.67718
0.69703
0.65605
0.73229
0.65699
0.63080
0.65802
0.69034
0.61799
0.63893
0.61216
0.60309
0.69996
0.77123
0.70040
0.74806
0.76963
0.66542
0.68066
0.68066
0.69178
0.65704
0.69280
0.74513
0.73573
0.77030
0.67947
0.67947
0.69156
0.65406
0.65406
0.70161
0.72645
0.68409
0.62519
0.61567
0.58682
0.61309
0.59265
0.57211
0.59231
0.60260
0.55700
0.65460
0.62066
0.59838
0.56559
0.57655
0.58789
0.54050
0.64627
0.58965
0.57873
0.53597
0.53597
0.53597
0.53597
0.53597
0.61864
0.51613
0.59953
0.61040
0.59730
0.48521
0.49806
0.46810
0.48217
0.49666
0.43422
0.41547
0.38838
0.40543
0.45553
0.41457
0.36199
0.26984
0.25146
0.25146
0.22886
0.37561
0.43649
0.40824
0.40125
0.37368
0.37368
0.38852
0.44635
0.49936
0.55902
0.59194
0.61334
0.67224
0.62171
0.77437
0.81784
0.70549
0.68701
0.70514
0.72874
0.76682
0.74525
0.65587
0.65587
0.65587
0.72980
0.72980
0.71809
0.70588
0.72099
0.74326
0.59373
0.59373
0.66152
0.66936
0.62464
0.65880
0.61439
0.61439
0.59128
0.55740
0.67896
0.69432
0.69432
0.70275
0.76393
0.74960
0.78482
0.71427
0.65122
0.66889
0.63153
0.63153
0.64214
0.60109
0.61303
0.62531
0.70206
0.70206
0.74132
0.80559
0.82594
0.82594
0.78813
0.84504
0.85130
0.87543
0.83692
0.81755
0.83256
0.87825
0.82076
0.83480
0.83480
0.73866
0.64296
0.56424
0.66682
0.67571
0.71041
0.71887
0.70372
0.64514
0.64514
0.70693
0.73414
0.71771
0.73683
0.56805
0.53506
0.69171
0.71265
0.77384
0.85632
0.85632
0.66907
0.55748
0.52951
0.51831
0.57553
0.56919
0.49321
0.46736
0.48918
0.45695
0.39606
0.39173
0.44815
0.42339
0.60564
0.71685
0.62562
0.64782
0.58373
0.57071
0.49878
0.48417
0.54454
0.54038
0.56829
0.56353
0.51692
0.63649
0.69124
0.63478
0.63016
0.59299
0.69419
0.67541
0.67541
0.62628
0.55654
0.50712
0.54194
0.59438
0.51172
0.48844
0.48505
0.44204
0.43564
0.42569
0.42223
0.47423
0.56392
0.51759
0.51346
0.54865
0.52134
0.49905
0.49449
0.59056
0.62700
0.59990
0.60483
0.64822
0.65293
0.66280
0.68272
0.64593
0.67268
0.59531
0.56359
0.60032
0.61237
0.64786
0.78130
0.98815
0.96762
0.90676
0.82821
0.84609
0.84866
0.79515
0.81811
0.78012
0.80325
0.81136
0.78641
0.71178
0.70421
0.71147
0.63448
0.65134
0.58725
0.60287
0.65048
0.66464
0.69765
0.60579
0.48535
0.51379
0.58569
0.61424
0.61688
0.72249
0.69640
0.69640
0.63643
0.55619
0.60724
0.67493
0.65731
0.68663
0.72881
0.69054
0.62835
0.74222
0.73374
0.74645
0.74012
0.62823
0.63653
0.68601
0.68982
0.69583
0.70213
0.62761
0.63747
0.66455
0.66101
0.66899
0.70292
0.63738
0.60183
0.58089
0.54999
0.52334
0.48242
0.47932
0.46956
0.45622
0.48117
0.51550
0.51136
0.48217
0.48785
0.51118
0.50143
0.54386
0.54989
0.53804
0.49236
0.50669
0.49478
0.56655
0.73859
0.73195
0.73195
0.57579
0.62521
0.61984
0.62455
0.62953
0.67758
0.59244
0.61258
0.52793
0.45953
0.50349
0.47045
0.48197
0.51657
0.53373
0.50836
0.46115
0.52229
0.51722
0.52983
0.65188
0.65639
0.70410
0.74238
0.68335
0.67058
0.71289
0.74712
0.75085
0.75085
0.76327
0.73750
0.60539
0.55758
0.61789
0.67014
0.58334
0.65846
0.66253
0.70235
0.72113
0.70785
0.75311
0.65338
0.68159
0.71206
0.60268
0.62779
0.63204
0.69556
0.71346
0.56440
0.59662
0.58767
0.56926
0.58767
0.57753
0.59262
0.62249
0.59875
0.59875
0.57340
0.56061
0.54113
0.52795
0.60429
0.60429
0.57379
0.60265
0.66737
0.74829
0.67710
0.69218
0.67615
0.67615
0.77679
0.85529
0.71333
0.71333
0.72090
0.76709
0.76709
0.65023
0.61652
0.57881
0.58398
0.55607
0.46914
0.51540
0.45562
0.46162
0.45726
0.41509
0.38811
0.41679
0.43838
0.41167
0.46976
0.38958
0.34022
0.28784
0.28784
0.35716
0.31788
0.31259
0.26918
0.24664
0.30123
0.32794
0.36129
0.36129
0.35117
0.32204
0.33002
0.25048
0.23618
0.20549
0.20549
0.32078
0.35339
0.34159
0.35558
0.42932
0.41028
0.44948
0.44515
0.48549
0.54716
0.49173
0.51028
0.46233
0.40857
0.36943
0.49518
0.44965
0.44965
0.41295
0.33856
0.47204
0.45013
0.43763
0.38070
0.36782
0.31699
0.39674
0.44219
0.43927
0.40743
0.37301
0.42737
0.38924
0.38924
0.49336
0.57717
0.56629
0.50783
0.55337
0.58893
0.58893
0.60399
0.66349
0.61532
0.64648
0.66984
0.66493
0.61186
0.63148
0.64339
0.67097
0.62752
0.63190
0.68604
0.65669
0.67769
0.69436
0.68760
0.72215
0.70740
0.67758
0.71553
0.71553
0.71553
0.71553
0.53009
0.45405
0.48094
0.58595
0.54896
0.53850
0.55046
0.50159
0.52735
0.47520
0.56590
0.62160
0.59860
0.50333
0.49007
0.50202
0.49705
0.49705
0.52500
0.49570
0.61429
0.55573
0.56161
0.74464
0.77081
0.66392
0.66740
0.63209
0.66984
0.59722
0.57919
0.67593
0.66158
0.65166
0.61209
0.58805
0.66698
0.70381
0.71670
0.71670
0.76479
0.79559
0.79559
0.80709
0.85330
0.81205
0.68188
0.74579
0.65129
0.69607
0.65257
0.69668
0.69668
0.74855
0.76349
0.79204
0.73129
0.73404
0.73404
0.75787
0.67160
0.69191
0.61870
0.72928
0.74186
0.67409
0.65685
0.69041
0.69041
0.71230
0.71230
0.63910
0.72608
0.67406
0.68963
0.69914
0.71523
0.71854
0.72550
0.71264
0.63397
0.55306
0.50531
0.57601
0.63983
0.56962
0.62923
0.62923
0.64056
0.62543
0.61500
0.60415
0.59846
0.64771
0.58931
0.65445
0.67953
0.67321
0.56079
0.45452
0.53029
0.49325
0.42596
0.40073
0.31927
0.30985
0.30596
0.25874
0.35889
0.39364
0.39364
0.42142
0.40504
0.43431
0.48135
0.63070
0.58825
0.62511
0.58270
0.54925
0.54925
0.56441
0.57225
0.52908
0.59296
0.70073
0.59184
0.62316
0.64527
0.56317
0.55109
0.55443
0.51318
0.47241
0.54442
0.57083
0.59363
0.59363
0.54263
0.48210
0.56794
0.53624
0.53981
0.58238
0.64242
0.64543
0.70739
0.69024
0.64009
0.68137
0.66428
0.70746
0.68049
0.74441
0.76538
0.73687
0.73198
0.74851
0.71171
0.73292
0.67545
0.64571
0.68473
0.74552
0.77674
0.87279
0.84401
0.73904
0.78219
0.92171
0.94352
0.82689
0.73800
0.74277
0.76204
0.79466
0.70912
0.68343
0.69063
0.69814
0.68318
0.73115
0.73263
0.79225
0.83179
0.73954
0.72747
0.73586
0.78944
0.78944
0.80415
0.81156
0.85537
0.80403
0.74986
0.78812
0.77380
0.77520
0.72639
0.71428
0.62953
0.66357
0.62861
0.61783
0.65332
0.69217
0.73757
0.75437
0.70299
0.70690
0.66159
0.60492
0.55630
0.58530
0.55786
0.53621
0.54543
0.58210
0.59120
0.59120
0.56940
0.59095
0.63221
0.71502
0.60079
0.60373
0.46756
0.47732
0.45346
0.51656
0.51979
0.47929
0.53304
0.56151
0.60911
0.57076
0.58922
0.67551
0.61335
0.66249
0.66249
0.71317
0.74583
0.74583
0.80027
0.74584
0.68491
0.70060
0.72059
0.70884
0.64470
0.68341
0.68847
0.72325
0.61908
0.63563
0.70279
0.69163
0.69907
0.77306
0.76481
0.76900
0.77341
0.77574
0.68933
0.71709
0.62098
0.59485
0.61174
0.56237
0.59817
0.69327
0.66543
0.67114
0.67416
0.68053
0.77862
0.60072
0.60624
0.63934
0.65287
0.63782
0.64983
0.70811
0.69947
0.77294
0.77713
0.77230
0.67708
0.68558
0.66773
0.63227
0.57476
0.62135
0.64498
0.75922
0.63628
0.58383
0.56898
0.62973
0.65010
0.63288
0.73699
0.75540
0.74424
0.71395
0.68758
0.63357
0.64994
0.64614
0.67498
0.58545
0.54643
0.55678
0.52677
0.62238
0.62829
0.56182
0.61753
0.62347
0.65607
0.66487
0.65619
0.64709
0.66795
0.65288
0.64247
0.63701
0.65029
0.67663
0.70196
0.69505
0.73711
0.74514
0.67858
0.69272
0.64927
0.60819
0.65195
0.58623
0.55038
0.55671
0.66605
0.72082
0.68116
0.64911
0.68121
0.70727
0.71164
0.71164
0.62290
0.57765
0.61799
0.61799
0.66323
0.66323
0.63112
0.54576
0.54576
0.47715
0.47715
0.47715
0.52894
0.46333
0.40398
0.39409
0.38398
0.50554
0.54242
0.36327
0.33857
0.30011
0.30011
0.36519
0.37928
0.42149
0.35696
0.37093
0.37825
0.40823
0.42340
0.35202
0.38955
0.40462
0.41249
0.44453
0.46840
0.39895
0.47416
0.47416
0.37953
0.31774
0.29590
0.31112
0.35673
0.35673
0.29376
0.28827
0.30493
0.31362
0.39689
0.42029
0.34545
0.48329
0.42938
0.40835
0.38790
0.38105
0.40192
0.39796
0.44202
0.44938
0.42048
0.45939
0.39851
0.38580
0.33252
0.32560
0.46120
0.45662
0.41246
0.44815
0.42983
0.42515
0.45689
0.45689
0.52061
0.53576
0.59973
0.57755
0.68957
0.68957
0.65724
0.61097
0.62385
0.65558
0.67406
0.73492
0.74984
0.72078
0.72645
0.77887
0.70996
0.63249
0.58654
0.62002
0.66903
0.69706
0.71344
0.78012
0.78854
0.81321
0.82123
0.66095
0.68204
0.73047
0.71398
0.65069
0.64302
0.66674
0.67273
0.60569
0.70838
0.54874
0.49579
0.50176
0.47769
0.43705
0.41588
0.39526
0.32008
0.38298
0.48501
0.49599
0.47437
0.43365
0.42578
0.41365
0.38602
0.36716
0.35232
0.25318
0.36903
0.34717
0.33643
0.36829
0.36514
0.34911
0.33947
0.33947
0.33947
0.38262
0.36147
0.44362
0.39000
0.37771
0.33932
0.33564
0.31715
0.37977
0.37101
0.38948
0.38447
0.50626
0.50626
0.58720
0.61966
0.69774
0.66658
0.62878
0.62878
0.63534
0.57870
0.54861
0.62668
0.75150
0.77791
0.79924
0.77424
0.78969
0.85949
0.87491
0.88252
0.87330
0.79303
0.77596
0.78006
0.74337
0.74337
0.70492
0.67665
0.66705
0.62862
0.55162
0.68860
0.70415
0.69543
0.73285
0.72335
0.72335
0.72943
0.70687
0.71386
0.64553
0.61388
0.56424
0.56424
0.63032
0.58831
0.55825
0.63977
0.63977
0.49513
0.54855
0.49638
0.43861
0.48385
0.54192
0.53457
0.52688
0.53614
0.51094
0.49426
0.53626
0.54664
0.53660
0.52619
0.52619
0.55235
0.49496
0.45430
0.60601
0.51140
0.46454
0.48584
0.40293
0.42465
0.42465
0.35697
0.25116
0.21770
0.23748
0.20840
0.19352
0.49519
0.57588
0.55897
0.52967
0.54394
0.57249
0.53966
0.54996
0.58092
0.49999
0.40962
0.44193
0.44743
0.48621
0.47385
0.57135
0.57135
0.49154
0.48346
0.48917
0.48459
0.41369
0.41369
0.41369
0.40498
0.40044
0.40918
0.40400
0.41382
0.46250
0.44314
0.49140
0.45069
0.47985
0.53491
0.46467
0.43398
0.40517
0.54081
0.52122
0.52908
0.52186
0.51431
0.49876
0.74142
0.61487
0.59753
0.62823
0.59752
0.60858
0.60858
0.60858
0.60858
0.60858
0.60858
0.60858
0.60858
0.60858
0.60858
0.70197
0.65201
0.59501
0.65774
0.71077
0.63461
0.51561
0.66448
0.56461
0.53571
0.61566
0.57431
0.58564
0.57932
0.65685
0.62332
0.65490
0.60765
0.63531
0.56493
0.61033
0.57336
0.62830
0.56291
0.61568
0.63071
0.63071
0.67211
0.65754
0.64253
0.55403
0.54778
0.61125
0.61727
0.60970
0.59401
0.60856
0.57515
0.53556
0.46642
0.46642
0.45954
0.45236
0.56689
0.55028
0.51006
0.53818
0.59880
0.56350
0.58104
0.62331
0.63158
0.64851
0.59452
0.60402
0.58194
0.58194
0.59339
0.64770
0.53241
0.52240
0.54620
0.47630
0.43361
0.31726
0.30342
0.26963
0.26963
0.26535
0.26535
0.28105
0.22779
0.21329
0.20969
0.32687
0.50835
0.46831
0.40528
0.41475
0.40902
0.40303
0.39677
0.43199
0.46634
0.46634
0.46634
0.43947
0.39828
0.39828
0.57911
0.57911
0.56831
0.56831
0.61334
0.60046
0.60046
0.61314
0.59783
0.58218
0.56622
0.54998
0.54998
0.41269
0.44948
0.57275
0.70720
0.59997
0.59997
0.55648
0.49814
0.47153
0.52947
0.66262
0.74804
0.79525
0.76499
0.77950
0.72806
0.67976
0.67018
0.64100
0.70175
0.77126
0.74160
0.77159
0.71286
0.69390
0.76734
0.80904
0.68336
0.70259
0.74301
0.68181
0.70554
0.74510
0.73695
0.77111
0.75364
0.74456
0.81147
0.64676
0.62204
0.59160
0.66560
0.73579
0.74957
0.68562
0.77201
0.80837
0.83388
0.80305
0.82516
0.78139
0.76272
0.78087
0.73563
0.75584
0.80651
0.79971
0.73319
0.74367
0.66832
0.70352
0.72214
0.82120
0.77959
0.73925
0.72766
0.67104
0.67488
0.68688
0.71070
0.71070
0.71070
0.63337
0.58363
0.50376
0.57510
0.58539
0.58539
0.50455
0.62136
0.58095
0.50187
0.52180
0.47721
0.42718
0.43839
0.43839
0.43439
0.40645
0.38366
0.39113
0.41428
0.39233
0.35950
0.43787
0.39098
0.38692
0.35157
0.33684
0.35442
0.37250
0.32393
0.47122
0.46641
0.50769
0.50769
0.51509
0.54505
0.46090
0.53863
0.54528
0.49195
0.45470
0.47763
0.45033
0.43951
0.43951
0.41089
0.41089
0.41089
0.46525
0.65792
0.72404
0.83682
0.78730
0.69829
0.66367
0.69490
0.70637
0.68082
0.70972
0.66407
0.61536
0.59765
0.56277
0.64471
0.58278
0.59789
0.66282
0.66282
0.63723
0.65224
0.63167
0.66853
0.66853
0.61606
0.70420
0.66816
0.66816
0.63787
0.62267
0.62267
0.62964
0.58659
0.55396
0.55396
0.50508
0.55120
0.51843
0.51026
0.52066
0.42831
0.40267
0.40267
0.40267
0.40267
0.45714
0.51881
0.48995
0.48995
0.50350
0.46163
0.47635
0.46537
0.40508
0.32256
0.52792
0.51958
0.55868
0.71087
0.71087
0.72863
0.75167
0.75167
0.76968
0.80324
0.81886
0.73188
0.69767
0.69767
0.74031
0.66977
0.64761
0.68735
0.66397
0.73045
0.66306
0.67815
0.66664
0.68310
0.68310
0.53967
0.50457
0.57326
0.54576
0.55571
0.55571
0.54501
0.56845
0.56845
0.71388
0.72149
0.72149
0.70663
0.71590
0.71590
0.69832
0.64699
0.67138
0.67138
0.53216
0.51928
0.45939
0.44825
0.46569
0.40958
0.40958
0.40958
0.39762
0.39762
0.42174
0.42174
0.44781
0.44781
0.42956
0.45915
0.43927
0.43927
0.43927
0.30661
0.42229
0.35538
0.34365
0.34365
0.31921
0.37714
0.37714
0.32373
0.40686
0.36636
0.35372
0.29831
0.41889
0.53126
0.44363
0.49244
0.49244
0.50951
0.50951
0.50951
0.69787
0.60684
0.54325
0.59213
0.62608
0.66799
0.62622
0.59932
0.67379
0.56479
0.56479
0.63723
0.63723
0.68459
0.63259
0.66155
0.63519
0.64566
0.67667
0.79318
0.81640
0.81640
0.70486
0.83991
0.87187
0.90203
0.88019
0.81633
0.76642
0.73730
0.64110
0.65928
0.69953
0.76252
0.77124
0.86345
0.76280
0.67196
0.67196
0.61716
0.59398
0.58220
0.58803
0.56244
0.57552
0.54847
0.54161
0.54947
0.54947
0.59124
0.60744
0.63167
0.63983
0.59795
0.62485
0.57319
0.59246
0.62094
0.49851
0.54646
0.62143
0.56925
0.52936
0.52936
0.62798
0.66249
0.68238
0.76138
0.75127
0.78150
0.78643
0.77475
0.83252
0.85654
0.89424
0.78913
0.66319
0.62054
0.67835
0.71947
0.66887
0.70159
0.75492
0.79631
0.68251
0.61064
0.60017
0.51874
0.52913
0.52913
0.51402
0.50881
0.47265
0.50034
0.46863
0.51768
0.53796
0.50795
0.50795
0.53133
0.55464
0.64320
0.61964
0.60377
0.61098
0.61098
0.61098
0.60077
0.70800
0.61309
0.64814
0.57332
0.54330
0.58217
0.61868
0.61868
0.62647
0.53128
0.57298
0.51882
0.53620
0.57047
0.49414
0.47367
0.42329
0.64163
0.57973
0.57377
0.61933
0.62490
0.51149
0.51782
0.54370
0.58699
0.61060
0.64999
0.69565
0.75546
0.74760
0.59986
0.53285
0.48362
0.40953
0.37265
0.33235
0.31993
0.28963
0.27252
0.26210
0.24976
0.23030
0.23030
0.26181
0.27789
0.26227
0.24967
0.28480
0.24769
0.32839
0.27230
0.26308
0.29370
0.27063
0.23720
0.17859
0.16661
0.15859
0.15742
0.18007
0.17568
0.17568
0.16628
0.20207
0.20008
0.18441
0.19431
0.35956
0.31552
0.46124
0.56947
0.62331
0.60124
0.63543
0.68693
0.64392
0.65817
0.66186
0.63528
0.65195
0.45234
0.47878
0.49218
0.48859
0.44973
0.46022
0.51629
0.45672
0.40624
0.39450
0.41681
0.40369
0.31757
0.35127
0.35703
0.31685
0.30529
0.36001
0.45164
0.44828
0.45910
0.45910
0.47123
0.45366
0.41607
0.36220
0.28323
0.27052
0.24851
0.35950
0.33209
0.38255
0.33912
0.31851
0.37377
0.35809
0.34509
0.35121
0.25999
0.24528
0.23269
0.27990
0.41649
0.48293
0.45459
0.47539
0.42999
0.49561
0.51124
0.56726
0.60801
0.60411
0.60411
0.58244
0.43217
0.54790
0.60379
0.58481
0.48609
0.55083
0.53512
0.53512
0.50715
0.49327
0.51160
0.67961
0.59332
0.58532
0.57970
0.54854
0.54854
0.52191
0.48528
0.53085
0.48303
0.47758
0.45023
0.33312
0.38808
0.44572
0.49280
0.47869
0.55327
0.52251
0.47946
0.41413
0.43650
0.41468
0.35109
0.39400
0.38525
0.36599
0.37343
0.35491
0.43346
0.48388
0.50025
0.44907
0.58216
0.59443
0.59443
0.61581
0.63188
0.52150
0.54200
0.51798
0.49944
0.49944
0.50687
0.50687
0.50345
0.54616
0.44274
0.43444
0.46159
0.44907
0.45403
0.44364
0.55330
0.56181
0.52453
0.53406
0.54882
0.59192
0.56692
0.55679
0.57817
0.55598
0.46077
0.56554
0.65738
0.63341
0.69837
0.56523
0.57243
0.55355
0.57727
0.52700
0.53562
0.62185
0.55175
0.56704
0.64332
0.67647
0.65902
0.62848
0.59057
0.64361
0.54761
0.48251
0.41215
0.33357
0.42379
0.40488
0.42860
0.42435
0.41986
0.46901
0.48019
0.51388
0.49851
0.54410
0.51117
0.52698
0.58000
0.60489
0.60852
0.60405
0.53622
0.54070
0.50788
0.46951
0.50529
0.45275
0.47386
0.48998
0.49557
0.55515
0.56039
0.55497
0.52753
0.50598
0.46505
0.42354
0.35525
0.33582
0.33582
0.25909
0.22203
0.17858
0.31636
0.29007
0.36834
0.35936
0.44518
0.39329
0.36903
0.36032
0.39324
0.41214
0.39845
0.40367
0.35964
0.40761
0.48028
0.49407
0.48670
0.50193
0.42935
0.43480
0.40140
0.46247
0.42435
0.41109
0.37337
0.41480
0.48050
0.45091
0.45091
0.52191
0.56135
0.61533
0.61016
0.67267
0.68044
0.68852
0.71276
0.67955
0.69282
0.75619
0.80679
0.69406
0.75155
0.75452
0.78377
0.74655
0.76834
0.73038
0.69937
0.70717
0.73421
0.72712
0.75100
0.80326
0.75167
0.73002
0.65550
0.67388
0.70076
0.74187
0.74583
0.78049
0.77223
0.79171
0.67429
0.65342
0.64624
0.54882
0.54294
0.56898
0.52533
0.51920
0.55552
0.41738
0.46554
0.52818
0.57344
0.47737
0.48324
0.58381
0.55930
0.52157
0.48625
0.54525
0.61060
0.64794
0.58317
0.57838
0.58803
0.63473
0.55315
0.57722
0.58698
0.58698
0.46049
0.52814
0.56149
0.56149
0.51454
0.53606
0.49441
0.57719
0.63770
0.64181
0.64617
0.63408
0.63906
0.51688
0.61818
0.59320
0.63647
0.56791
0.56324
0.48584
0.48188
0.48188
0.44024
0.40974
0.37801
0.50596
0.54954
0.56374
0.53569
0.57556
0.66761
0.57882
0.59109
0.64535
0.62144
0.63342
0.57111
0.46195
0.39712
0.27955
0.27543
0.45483
0.46978
0.42908
0.43881
0.50428
0.61046
0.59252
0.60912
0.61884
0.60673
0.50776
0.52227
0.54293
0.48272
0.46647
0.45470
0.52426
0.57423
0.54858
0.50537
0.54295
0.54922
0.56861
0.51915
0.50438
0.54411
0.52465
0.51474
0.50447
0.49735
0.39286
0.34590
0.33762
0.30429
0.41252
0.34914
0.33657
0.34530
0.41332
0.47456
0.38980
0.49902
0.51625
0.48328
0.45638
0.43674
0.39230
0.42071
0.42437
0.50435
0.50766
0.51466
0.44038
0.43082
0.50769
0.47567
0.46005
0.45205
0.50680
0.48868
0.48249
0.51216
0.56771
0.63912
0.70318
0.68248
0.76441
0.70529
0.73822
0.74884
0.79575
0.80648
0.73520
0.74178
0.68868
0.63590
0.63217
0.65339
0.69350
0.63627
0.66031
0.66337
0.73544
0.68338
0.73187
0.59114
0.62867
0.56547
0.57975
0.58568
0.61556
0.69534
0.73383
0.70423
0.65446
0.68835
0.68835
0.63964
0.65642
0.66779
0.70616
0.68029
0.69750
0.70336
0.71838
0.69740
0.74614
0.73509
0.69620
0.70663
0.67212
0.68007
0.69235
0.64240
0.66515
0.66978
0.59963
0.57600
0.65255
0.64618
0.61392
0.46418
0.41349
0.47440
0.49554
0.45257
0.43414
0.40567
0.56206
0.43037
0.42257
0.39675
0.39416
0.38336
0.47127
0.43470
0.30811
0.45286
0.40166
0.38937
0.44751
0.41637
0.39076
0.38172
0.31570
0.32290
0.36302
0.42799
0.42799
0.41311
0.40873
0.46583
0.46583
0.51828
0.49725
0.50895
0.52891
0.50794
0.53356
0.55070
0.62839
0.61515
0.58844
0.62417
0.67780
0.60468
0.51494
0.48890
0.44359
0.40092
0.39834
0.47172
0.46857
0.43716
0.37491
0.27977
0.34329
0.32923
0.41979
0.39678
0.36906
0.33486
0.32463
0.32286
0.37206
0.33793
0.31419
0.24900
0.24296
0.30762
0.41931
0.53300
0.59672
0.57018
0.64096
0.54113
0.59348
0.57866
0.59319
0.57243
0.51428
0.55419
0.55194
0.53101
0.61359
0.61793
0.57400
0.53317
0.50583
0.49894
0.50202
0.53939
0.56935
0.54850
0.60237
0.61937
0.64195
0.67954
0.71634
0.71876
0.71876
0.72960
0.75616
0.76143
0.75015
0.66058
0.59326
0.52422
0.54866
0.59871
0.56658
0.64127
0.70747
0.66557
0.67721
0.61538
0.59585
0.55773
0.46219
0.47436
0.47862
0.45639
0.48864
0.49796
0.51245
0.53687
0.59191
0.62158
0.59167
0.62670
0.73163
0.74879
0.76837
0.72845
0.71139
0.53914
0.52126
0.62028
0.61238
0.59208
0.63808
0.69102
0.60864
0.62811
0.59635
0.52806
0.55438
0.54706
0.55528
0.55528
0.51355
0.56424
0.55976
0.54576
0.53613
0.51183
0.56206
0.54113
0.65602
0.69773
0.57484
0.55791
0.50577
0.61432
0.57842
0.59353
0.60890
0.59522
0.57661
0.54452
0.59522
0.59972
0.62271
0.62740
0.67709
0.69399
0.66738
0.71492
0.73482
0.62589
0.69579
0.63488
0.61384
0.54137
0.49907
0.50958
0.52583
0.34305
0.30679
0.43118
0.36205
0.33734
0.70816
0.74884
0.78290
0.73017
0.77118
0.73410
0.67398
0.69873
0.73458
0.75518
0.76063
0.77403
0.78742
0.77704
0.86122
0.86591
0.80376
0.77271
0.80813
0.75202
0.80522
0.83300
0.75950
0.68141
0.66350
0.66350
0.67605
0.69023
0.65734
0.65734
0.69897
0.71851
0.65067
0.63453
0.62266
0.67113
0.64332
0.59283
0.57658
0.58808
0.58290
0.56158
0.59350
0.58761
0.56067
0.51804
0.45149
0.45149
0.50683
0.49336
0.47698
0.47698
0.45929
0.44738
0.45683
0.39528
0.38989
0.31203
0.30622
0.35807
0.38338
0.37807
0.37807
0.40727
0.39734
0.49749
0.48181
0.46219
0.52126
0.49974
0.56991
0.61819
0.70454
0.67414
0.69454
0.55692
0.58343
0.53779
0.50919
0.52232
0.61935
0.60286
0.54084
0.50911
0.50556
0.56141
0.55325
0.62485
0.64984
0.64984
0.69932
0.71258
0.67383
0.71893
0.70743
0.73166
0.64184
0.60205
0.61922
0.62366
0.62366
0.57216
0.57216
0.62123
0.56779
0.54000
0.59144
0.66860
0.66225
0.66225
0.70898
0.73049
0.73049
0.75287
0.67248
0.56797
0.66583
0.60909
0.69720
0.64916
0.68263
0.70053
0.75264
0.79144
0.81629
0.85923
0.82903
0.79880
0.79880
0.82491
0.83494
0.73240
0.75434
0.79175
0.68537
0.70495
0.71799
0.71216
0.73648
0.73997
0.71295
0.71295
0.71736
0.67905
0.69904
0.63171
0.62452
0.71238
0.71694
0.70869
0.64474
0.65060
0.63421
0.55844
0.59320
0.61352
0.62718
0.52974
0.58612
0.60601
0.50686
0.50686
0.51469
0.44834
0.43730
0.43158
0.41975
0.40196
0.43390
0.48475
0.46301
0.45567
0.44064
0.41139
0.41139
0.50774
0.48178
0.49353
0.65924
0.68030
0.65929
0.56525
0.46522
0.44119
0.46892
0.49640
0.46858
0.45486
0.57762
0.54005
0.46795
0.46795
0.60842
0.56768
0.56768
0.56768
0.50440
0.50440
0.50440
0.56588
0.56588
0.56588
0.56588
0.56588
0.58794
0.58794
0.57498
0.64462
0.64462
0.64462
0.69060
0.62710
0.62710
0.62710
0.62710
0.59058
0.51053
0.51053
0.49496
0.58501
0.56777
0.55030
0.64703
0.54899
0.50758
0.49420
0.62434
0.53341
0.49981
0.48876
0.45617
0.58700
0.60883
0.63046
0.60366
0.60366
0.46584
0.44750
0.48853
0.47826
0.50663
0.50663
0.53661
0.53661
0.53661
0.53661
0.53661
0.53661
0.53661
0.53661
0.53661
0.53661
0.34581
0.44210
0.62589
0.46769
0.44889
0.49064
0.43369
0.41634
0.47324
0.41949
0.41949
0.41949
0.68479
0.71804
0.69583
0.63262
0.63262
0.67306
0.68093
0.64531
0.60022
0.63754
0.64672
0.67417
0.67417
0.68397
0.66861
0.66861
0.69163
0.67367
0.57689
0.56239
0.63049
0.69766
0.75246
0.70476
0.72343
0.77401
0.77401
0.73879
0.85962
0.85962
0.82701
0.79454
0.82098
0.74301
0.75084
0.71976
0.75363
0.61755
0.56283
0.66187
0.65081
0.65935
0.65935
0.65935
0.65935
0.68087
0.72118
0.72118
0.73156
0.67655
0.69996
0.74305
0.65539
0.50225
0.48203
0.43490
0.55645
0.55645
0.61877
0.66426
0.66426
0.66426
0.67439
0.63042
0.61600
0.62844
0.64119
0.62422
0.69860
0.73987
0.58933
0.48341
0.45688
0.49465
0.49465
0.59854
0.59854
0.59854
0.59854
0.59854
0.59854
0.61320
0.69150
0.59508
0.51739
0.47305
0.47305
0.46158
0.47868
0.47868
0.51518
0.56626
0.63951
0.63951
0.57110
0.57110
0.63319
0.47721
0.47721
0.55265
0.49178
0.61485
0.51849
0.51849
0.62185
0.57026
0.61646
0.57578
0.57578
0.77487
0.80532
0.84657
0.73769
0.69745
0.69745
0.78903
0.78903
0.77998
0.75213
0.66667
0.67782
0.70537
0.70537
0.66792
0.61516
0.61516
0.57976
0.65407
0.65407
0.60685
0.65856
0.74146
0.72207
0.74401
0.77959
0.71899
0.70910
0.73285
0.62868
0.64891
0.63076
0.53422
0.52698
0.49115
0.57322
0.58083
0.52692
0.53546
0.49082
0.53557
0.53557
0.54507
0.58278
0.49704
0.49704
0.55616
0.54704
0.51096
0.50204
0.45892
0.47117
0.39409
0.34015
0.29228
0.24731
0.25938
0.28430
0.28430
0.25482
0.23599
0.21542
0.19980
0.35744
0.36815
0.34270
0.31459
0.31459
0.38573
0.42963
0.45120
0.43678
0.43678
0.36853
0.53084
0.55560
0.66594
0.62574
0.58046
0.64405
0.61366
0.64471
0.62076
0.61259
0.69886
0.69886
0.53685
0.57490
0.51063
0.54295
0.57421
0.56141
0.61719
0.68519
0.64975
0.64975
0.70158
0.66332
0.62653
0.59796
0.59070
0.59770
0.53794
0.51706
0.55722
0.52761
0.48591
0.52881
0.52881
0.56383
0.59727
0.65068
0.60438
0.56137
0.52893
0.48378
0.53849
0.62332
0.57516
0.67132
0.72218
0.74949
0.75843
0.76760
0.72920
0.73981
0.80090
0.81717
0.77630
0.77630
0.77630
0.72007
0.74999
0.76159
0.74939
0.75591
0.84131
0.86945
0.80950
0.66203
0.74364
0.73508
0.71729
0.71729
0.67917
0.67917
0.74504
0.69568
0.68589
0.70536
0.64496
0.66650
0.64606
0.73223
0.83335
0.87059
0.79133
0.62196
0.55085
0.54605
0.57738
0.50916
0.44807
0.45392
0.47804
0.46045
0.47988
0.47014
0.44119
0.47745
0.47212
0.48764
0.51871
0.55609
0.48607
0.43273
0.49327
0.46110
0.41278
0.44392
0.44392
0.48456
0.46679
0.61656
0.53432
0.48012
0.51687
0.54080
0.57577
0.50145
0.59730
0.61151
0.60010
0.54529
0.57287
0.59463
0.63137
0.57692
0.57103
0.61653
0.66731
0.54137
0.60487
0.63995
0.63995
0.59423
0.63720
0.66825
0.60428
0.57211
0.55105
0.55677
0.52356
0.45533
0.54400
0.46915
0.45719
0.48107
0.47654
0.43670
0.50579
0.47796
0.47796
0.47796
0.51348
0.49058
0.49058
0.49058
0.53243
0.54075
0.53281
0.54216
0.49265
0.46956
0.49118
0.45899
0.49290
0.41756
0.38581
0.36209
0.35619
0.33285
0.37311
0.33126
0.32020
0.31455
0.32983
0.32983
0.31615
0.30264
0.22496
0.28734
0.25866
0.25866
0.30653
0.32247
0.30357
0.28555
0.28555
0.40292
0.37130
0.56390
0.70849
0.61591
0.55872
0.56582
0.48244
0.55953
0.60824
0.55732
0.53327
0.52117
0.51487
0.46092
0.45522
0.46414
0.45766
0.43167
0.44224
0.49409
0.41955
0.36555
0.42452
0.42452
0.46425
0.47420
0.43907
0.44998
0.50329
0.53353
0.54369
0.55425
0.54377
0.54377
0.60208
0.60208
0.67560
0.67560
0.59394
0.47950
0.47063
0.59862
0.57858
0.64856
0.67206
0.67206
0.72556
0.52788
0.55224
0.52931
0.53819
0.56516
0.56516
0.64988
0.64988
0.59819
0.51827
0.55525
0.52150
0.48205
0.54007
0.57574
0.54075
0.56849
0.62023
0.62023
0.62916
0.60645
0.63550
0.51358
0.49649
0.50770
0.56191
0.46625
0.44404
0.45563
0.43971
0.45253
0.42705
0.47990
0.58019
0.49792
0.48962
0.48962
0.47137
0.46210
0.46210
0.44194
0.42211
0.45491
0.43340
0.34542
0.37844
0.37009
0.37009
0.37009
0.36017
0.36017
0.19579
0.38626
0.44041
0.47141
0.39001
0.40050
0.35234
0.53363
0.57361
0.53521
0.51658
0.48056
0.51169
0.40305
0.40305
0.38499
0.35502
0.37324
0.29812
0.30708
0.30357
0.28600
0.41198
0.44355
0.45942
0.47572
0.46961
0.46961
0.49803
0.56760
0.50775
0.45023
0.51709
0.50382
0.60591
0.61241
0.77766
0.70854
0.65814
0.67142
0.76986
0.67774
0.62722
0.63913
0.68115
0.64877
0.62222
0.63539
0.58658
0.59646
0.63967
0.68697
0.68697
0.70430
0.72963
0.62962
0.62962
0.71037
0.71037
0.77976
0.71958
0.81630
0.85644
0.88656
0.87452
0.93315
0.93557
0.91772
0.80234
0.73592
0.69602
0.74404
0.71300
0.75217
0.63647
0.65559
0.61554
0.54397
0.56656
0.49127
0.50847
0.53933
0.57866
0.54016
0.51554
0.57702
0.58032
0.67158
0.68193
0.70273
0.65408
0.66571
0.68893
0.59717
0.53993
0.62088
0.66338
0.59381
0.52845
0.51005
0.47925
0.53446
0.46060
0.42284
0.39030
0.41821
0.43926
0.50560
0.49791
0.48989
0.43686
0.43445
0.40551
0.40551
0.40292
0.43653
0.43346
0.47343
0.44280
0.53540
0.48310
0.57682
0.53530
0.70043
0.72897
0.69717
0.65931
0.70695
0.70913
0.77113
0.72687
0.68126
0.67080
0.66348
0.69443
0.70703
0.72712
0.65263
0.69064
0.72991
0.69271
0.62079
0.62079
0.62721
0.62301
0.66367
0.66700
0.66194
0.62135
0.56962
0.55603
0.63689
0.67000
0.67367
0.70643
0.79572
0.78433
0.73345
0.67576
0.62744
0.63130
0.68320
0.61923
0.57054
0.49116
0.44946
0.40918
0.37791
0.32261
0.32261
0.35435
0.31070
0.36189
0.34131
0.32369
0.37632
0.39694
0.44726
0.46208
0.46724
0.45963
0.45563
0.55345
0.53055
0.49940
0.35056
0.32607
0.33155
0.34312
0.45847
0.42227
0.42227
0.49967
0.44726
0.43498
0.45014
0.45542
0.52621
0.50590
0.46352
0.43498
0.40793
0.38535
0.30903
0.32098
0.36308
0.38108
0.35434
0.27931
0.26604
0.23211
0.23211
0.26426
0.33199
0.31066
0.30829
0.29613
0.28639
0.45465
0.48441
0.56881
0.50549
0.53504
0.53934
0.59366
0.59366
0.51768
0.54039
0.51193
0.47355
0.48404
0.46419
0.58130
0.53899
0.53899
0.54397
0.53434
0.49210
0.42742
0.55110
0.57733
0.61112
0.58712
0.62176
0.63865
0.64729
0.65627
0.68313
0.68313
0.61611
0.62682
0.64321
0.65434
0.66578
0.63324
0.60158
0.62223
0.68477
0.71251
0.69404
0.71170
0.71771
0.65729
0.65729
0.71814
0.66715
0.63789
0.69942
0.72377
0.76294
0.86829
0.90236
0.87445
0.89560
0.90071
0.92045
0.72915
0.70183
0.70183
0.67261
0.65786
0.59465
0.52790
0.41412
0.41412
0.35095
0.33859
0.31752
0.42594
0.41846
0.49137
0.49137
0.45134
0.47695
0.57320
0.57320
0.58419
0.60645
0.52610
0.48190
0.53597
0.46250
0.51919
0.48397
0.52301
0.58851
0.61611
0.57436
0.58438
0.63270
0.57794
0.56222
0.55145
0.55739
0.56979
0.53276
0.54646
0.45210
0.53118
0.53118
0.50837
0.56729
0.54873
0.48095
0.40094
0.47911
0.49738
0.51596
0.52236
0.58377
0.56542
0.58403
0.58403
0.59090
0.64955
0.68973
0.56082
0.47571
0.61793
0.66991
0.63292
0.59739
0.52889
0.59928
0.64520
0.52397
0.50687
0.24344
0.41355
0.36604
0.36275
0.36043
0.35919
0.43421
0.51243
0.53109
0.55798
0.54390
0.50654
0.42400
0.43864
0.46345
0.50682
0.49909
0.43481
0.44802
0.50904
0.48949
0.47192
0.50177
0.51003
0.48284
0.42942
0.40881
0.43189
0.43189
0.43189
0.40432
0.51429
0.54217
0.56069
0.60524
0.57629
0.62035
0.63726
0.70775
0.68529
0.66265
0.55144
0.62451
0.65108
0.61943
0.57433
0.60992
0.66434
0.74203
0.95049
0.80421
0.80763
0.86671
0.87781
0.79970
0.81375
0.85900
0.86107
0.78444
0.78789
0.81123
0.73716
0.71910
0.60256
0.53943
0.40073
0.39000
0.42951
0.46347
0.42897
0.49798
0.56365
0.53276
0.52605
0.48341
0.44737
0.41284
0.43378
0.39281
0.31703
0.33354
0.32594
0.31362
0.29370
0.34873
0.39331
0.40976
0.43916
0.41397
0.41238
0.39054
0.37395
0.37314
0.40059
0.45347
0.54120
0.58026
0.64614
0.61666
0.58653
0.61047
0.57909
0.59716
0.61029
0.57542
0.52488
0.56521
0.52887
0.48855
0.50193
0.48435
0.41662
0.39841
0.36413
0.35167
0.35167
0.31948
0.30842
0.30186
0.34814
0.43219
0.47241
0.44089
0.41385
0.38822
0.41228
0.43884
0.39472
0.39472
0.42917
0.47732
0.55766
0.61295
0.60222
0.63246
0.50637
0.47207
0.47207
0.46872
0.45315
0.50788
0.49426
0.49223
0.43624
0.45066
0.43893
0.43286
0.46282
0.44463
0.41807
0.49660
0.47936
0.53382
0.54621
0.58296
0.60378
0.57059
0.63548
0.66706
0.65222
0.67424
0.73123
0.73585
0.74545
0.77353
0.73990
0.75264
0.75528
0.71278
0.73683
0.80295
0.73220
0.72240
0.77418
0.79046
0.77960
0.71599
0.76222
0.75168
0.78060
0.69323
0.74060
0.71620
0.65571
0.68104
0.71119
0.75710
0.75710
0.73003
0.74209
0.74829
0.71770
0.60122
0.44550
0.54287
0.55969
0.53665
0.49584
0.42604
0.53730
0.58115
0.52817
0.49492
0.51115
0.52449
0.54486
0.53522
0.59965
0.57509
0.61130
0.57140
0.60833
0.51834
0.49498
0.48613
0.45959
0.53051
0.51748
0.51408
0.55502
0.54723
0.60333
0.60333
0.51725
0.52614
0.48822
0.48822
0.40384
0.45908
0.53059
0.53907
0.45614
0.49989
0.61524
0.65619
0.68094
0.74382
0.69955
0.66469
0.64545
0.58359
0.69322
0.67900
0.70725
0.66289
0.55377
0.53481
0.49324
0.46640
0.41946
0.41518
0.46312
0.51129
0.55598
0.52965
0.43580
0.42513
0.45724
0.42284
0.50441
0.54952
0.60405
0.71710
0.76427
0.69633
0.71471
0.68646
0.65575
0.66997
0.72757
0.77134
0.80036
0.73127
0.76275
0.66883
0.60885
0.58916
0.55683
0.57231
0.55847
0.57069
0.54573
0.57718
0.55327
0.54252
0.52600
0.52314
0.53020
0.61432
0.62605
0.62605
0.64213
0.65519
0.66850
0.67196
0.73012
0.71928
0.73212
0.78707
0.70997
0.71933
0.59241
0.55712
0.56919
0.54858
0.50888
0.61075
0.68073
0.61982
0.62953
0.64286
0.64632
0.68078
0.70679
0.64679
0.67476
0.82507
0.75336
0.76940
0.69092
0.71177
0.67022
0.65892
0.62849
0.64372
0.66209
0.58703
0.56176
0.58361
0.63180
0.61120
0.61844
0.69664
0.69664
0.63176
0.63533
0.59436
0.57227
0.56326
0.42872
0.41431
0.43943
0.49247
0.47471
0.45358
0.44998
0.50867
0.47662
0.55077
0.48409
0.48041
0.45085
0.47274
0.50009
0.50009
0.50612
0.54244
0.53140
0.51448
0.59987
0.59987
0.59310
0.61213
0.63723
0.57068
0.58441
0.46286
0.53643
0.56102
0.53720
0.56328
0.56992
0.63821
0.77758
0.76356
0.82373
0.87186
0.87796
0.82933
0.81544
0.78703
0.66800
0.66800
0.63294
0.67995
0.67995
0.72081
0.72081
0.71336
0.59983
0.49093
0.45087
0.47961
0.55791
0.51375
0.54391
0.57327
0.55348
0.60281
0.60281
0.59115
0.65141
0.69111
0.71580
0.74318
0.71438
0.65304
0.67201
0.55422
0.53406
0.57253
0.55078
0.55078
0.42817
0.39876
0.39152
0.44536
0.46495
0.52694
0.45436
0.52236
0.51314
0.53034
0.61764
0.54298
0.52476
0.59311
0.60229
0.61647
0.61647
0.62176
0.56014
0.56014
0.59131
0.61556
0.47756
0.39426
0.48173
0.44402
0.42953
0.42212
0.53832
0.52945
0.53998
0.52519
0.51506
0.49950
0.53824
0.53240
0.53935
0.54665
0.56177
0.52532
0.57238
0.63473
0.62640
0.61767
0.55898
0.55898
0.51818
0.60891
0.63755
0.67774
0.79569
0.75203
0.75649
0.79484
0.81056
0.66173
0.62081
0.63195
0.64895
0.65478
0.58646
0.58646
0.53601
0.50906
0.57688
0.46266
0.44759
0.38853
0.37620
0.33093
0.31398
0.35683
0.28859
0.30485
0.29866
0.39547
0.34208
0.34208
0.41689
0.42411
0.37525
0.57251
0.51712
0.51301
0.59984
0.62409
0.55609
0.63422
0.65514
0.62686
0.65989
0.63993
0.65170
0.65579
0.66855
0.58453
0.52743
0.57629
0.52193
0.52706
0.52706
0.45990
0.43978
0.43978
0.44675
0.44197
0.47245
0.45621
0.41523
0.43219
0.43219
0.47714
0.47714
0.42084
0.38798
0.40831
0.40240
0.37879
0.30236
0.26943
0.28054
0.25574
0.32198
0.31768
0.32925
0.34135
0.35399
0.40410
0.55443
0.72409
0.70813
0.69983
0.61447
0.60722
0.62027
0.56043
0.58874
0.56616
0.55847
0.53499
0.59218
0.49113
0.53070
0.53070
0.57830
0.57022
0.46522
0.62107
0.57698
0.60028
0.59359
0.59359
0.59359
0.57751
0.62226
0.51760
0.52547
0.55719
0.59500
0.58671
0.58671
0.59540
0.59540
0.54514
0.44750
0.64418
0.63633
0.63633
0.63633
0.60851
0.56425
0.55555
0.58299
0.52086
0.53074
0.47320
0.48403
0.49531
0.49531
0.49531
0.50886
0.50886
0.49663
0.49663
0.48317
0.50162
0.47274
0.49261
0.43612
0.42306
0.40984
0.45548
0.45548
0.45548
0.45548
0.45548
0.45548
0.45548
0.45548
0.45548
0.45548
0.70855
0.62484
0.64554
0.44888
0.47063
0.70516
0.70516
0.74501
0.76355
0.70892
0.62825
0.51471
0.52781
0.66630
0.72778
0.69107
0.58510
0.62694
0.50971
0.51856
0.51076
0.54866
0.50712
0.46193
0.44078
0.42675
0.42675
0.41901
0.33950
0.43472
0.58520
0.58520
0.58520
0.57608
0.53987
0.52219
0.53279
0.53279
0.54462
0.54462
0.46954
0.45043
0.54129
0.56457
0.54164
0.51894
0.53251
0.61824
0.56836
0.55627
0.53191
0.58377
0.57053
0.57053
0.72983
0.70134
0.70134
0.70134
0.70134
0.71240
0.33892
0.31246
0.33485
0.52985
0.45391
0.48262
0.44703
0.38958
0.39742
0.36819
0.35224
0.36125
0.36125
0.35184
0.34224
0.34224
0.35456
0.30365
0.29902
0.27223
0.25970
0.27391
0.26024
0.24285
0.24285
0.21755
0.26620
0.26122
0.21036
0.29797
0.21947
0.27732
0.38896
0.38405
0.35965
0.35965
0.33962
0.33461
0.39347
0.40503
0.31914
0.38339
0.35804
0.34813
0.41263
0.42310
0.39241
0.43601
0.66068
0.58614
0.57974
0.55368
0.59897
0.53473
0.51682
0.53829
0.57981
0.49335
0.57644
0.67504
0.69984
0.70810
0.74036
0.76659
0.79761
0.74488
0.62960
0.63423
0.61597
0.53812
0.52786
0.61335
0.52379
0.49361
0.48082
0.47639
0.51332
0.55423
0.53786
0.52669
0.57652
0.61117
0.62810
0.56858
0.56858
0.63007
0.65795
0.60726
0.64759
0.60482
0.63441
0.66807
0.68957
0.64170
0.61858
0.60298
0.60298
0.59429
0.45895
0.43642
0.48765
0.48765
0.53838
0.53090
0.52307
0.55083
0.44836
0.48546
0.57503
0.53860
0.51072
0.51072
0.51072
0.61190
0.61190
0.41159
0.39368
0.38032
0.40689
0.46605
0.40962
0.37013
0.28727
0.44633
0.45208
0.45208
0.44774
0.44774
0.52261
0.60703
0.59522
0.58905
0.67591
0.73961
0.67626
0.69643
0.70854
0.72479
0.67606
0.75772
0.75085
0.75818
0.76577
0.73382
0.74260
0.75601
0.81485
0.80583
0.84683
0.83743
0.83743
0.59855
0.59267
0.71619
0.68034
0.59020
0.57103
0.56608
0.52220
0.54407
0.55521
0.55521
0.52096
0.61802
0.55159
0.60280
0.62218
0.51995
0.52533
0.61788
0.58748
0.56264
0.52443
0.52443
0.53037
0.55468
0.56090
0.57384
0.56021
0.57451
0.63482
0.65341
0.65975
0.67285
0.61767
0.60871
0.60871
0.69069
0.67019
0.71073
0.73572
0.74799
0.74799
0.78536
0.71115
0.71115
0.77639
0.78224
0.83487
0.77256
0.79437
0.73463
0.55486
0.59063
0.59776
0.62647
0.54751
0.53304
0.68114
0.69629
0.63522
0.56220
0.56220
0.54889
0.52868
0.51507
0.60955
0.50164
0.47501
0.46963
0.45308
0.46159
0.47920
0.45974
0.44671
0.49539
0.48794
0.50819
0.47604
0.51799
0.47702
0.49865
0.48996
0.59170
0.61803
0.50380
0.57253
0.54836
0.58958
0.54802
0.55678
0.53940
0.49759
0.54659
0.50472
0.48859
0.44990
0.51338
0.48893
0.56648
0.50152
0.50152
0.53155
0.52263
0.57323
0.51782
0.54829
0.59603
0.63944
0.59785
0.53257
0.51525
0.56502
0.59312
0.53605
0.45711
0.49747
0.48199
0.49273
0.58100
0.58100
0.61764
0.57648
0.57648
0.61645
0.58269
0.61337
0.58979
0.56634
0.61109
0.61109
0.59742
0.54494
0.55854
0.50798
0.52286
0.55263
0.53850
0.56957
0.53925
0.48378
0.57638
0.49970
0.48804
0.44349
0.44349
0.58793
0.58793
0.57400
0.49778
0.48619
0.54520
0.60950
0.65460
0.65460
0.63867
0.51675
0.53053
0.53053
0.56023
0.57504
0.55948
0.50105
0.51835
0.51835
0.51835
0.50123
0.40132
0.44364
0.48406
0.57256
0.57256
0.53853
0.55698
0.47727
0.46300
0.46300
0.48548
0.46856
0.45162
0.47718
0.44154
0.70198
0.68351
0.57040
0.51768
0.49313
0.45805
0.45805
0.45805
0.43244
0.43244
0.47514
0.46006
0.52273
0.54247
0.49118
0.45996
0.41713
0.53683
0.52120
0.58944
0.54077
0.51051
0.39229
0.41033
0.35458
0.34614
0.27551
0.32858
0.39424
0.51625
0.50626
0.59595
0.58470
0.56185
0.52848
0.47758
0.47758
0.47758
0.47758
0.40426
0.36936
0.33795
0.30323
0.33842
0.52035
0.45184
0.47518
0.41411
0.41411
0.43996
0.42357
0.39954
0.36943
0.34170
0.48572
0.50800
0.48986
0.48986
0.42025
0.37698
0.40395
0.47929
0.35939
0.37081
0.39429
0.31578
0.29471
0.28254
0.36260
0.54231
0.65175
0.61316
0.67203
0.69004
0.63043
0.58790
0.60438
0.53999
0.53441
0.59436
0.62193
0.59569
0.59569
0.58850
0.63989
0.58091
0.58091
0.55143
0.64490
0.76020
0.70304
0.71573
0.77943
0.79260
0.78474
0.72300
0.67980
0.67980
0.75428
0.78001
0.78367
0.78367
0.81773
0.90349
0.72471
0.74612
0.71172
0.71172
0.72972
0.75082
0.76129
0.76847
0.73785
0.75019
0.66796
0.69613
0.68865
0.72198
0.68265
0.60461
0.66260
0.68199
0.71450
0.81098
0.81391
0.76872
0.81890
0.89591
0.76367
0.72366
0.74030
0.80696
0.84295
0.82241
0.69862
0.73891
0.81086
0.79044
0.73098
0.74765
0.70817
0.67735
0.67340
0.65692
0.63194
0.61926
0.66942
0.60198
0.67371
0.76084
0.77846
0.78244
0.81331
0.81706
0.76412
0.77326
0.78932
0.78932
0.70131
0.72983
0.75662
0.66619
0.69305
0.62436
0.59273
0.56206
0.52546
0.52546
0.52153
0.55426
0.58152
0.62450
0.62874
0.64620
0.65944
0.60622
0.64404
0.58734
0.52735
0.55896
0.63783
0.65449
0.63163
0.64983
0.62541
0.59530
0.62184
0.73255
0.73611
0.65471
0.69855
0.59691
0.61816
0.53988
0.52309
0.56141
0.58902
0.55086
0.54609
0.49535
0.52312
0.52879
0.60305
0.62236
0.62236
0.62770
0.56424
0.55816
0.50540
0.49422
0.50910
0.50280
0.42374
0.50710
0.50133
0.50898
0.46096
0.59721
0.64026
0.54092
0.63002
0.71942
0.83050
0.74617
0.73282
0.75473
0.75962
0.67098
0.72975
0.73224
0.68230
0.71318
0.73457
0.75530
0.73475
0.72414
0.68677
0.66054
0.71556
0.71880
0.75664
0.61148
0.58642
0.59823
0.61434
0.59506
0.68896
0.59899
0.57864
0.63352
0.63352
0.63732
0.63732
0.55866
0.64058
0.63570
0.55395
0.59149
0.60779
0.61201
0.68226
0.63613
0.61140
0.64031
0.68607
0.66935
0.72320
0.65256
0.87353
0.96124
0.87583
0.92364
0.91046
0.97589
0.98719
1.00000
1.00000
0.93491
0.96356
0.97293
0.95553
0.97327
0.95455
0.99451
1.00000
0.99435
1.00000
0.95427
0.97792
0.92708
0.93138
0.86661
0.89454
0.91403
0.84906
0.81776
0.77910
0.79235
0.78952
0.86897
0.80731
0.76818
0.72239
0.77998
0.78490
0.70082
0.69282
0.70491
0.68995
0.64566
0.71295
0.69403
0.73453
0.71713
0.75237
0.78340
0.69057
0.75710
0.77712
0.79412
0.81484
0.84890
0.85235
0.79287
0.77825
0.83463
0.80319
0.86565
0.78331
0.85148
0.81616
0.82406
0.80762
0.83796
0.79698
0.82040
0.84826
0.75166
0.80542
0.84203
0.81678
0.79123
0.72414
0.80843
0.79587
0.80123
0.82868
0.87084
0.66268
0.61604
0.58500
0.69006
0.64738
0.69186
0.67164
0.62723
0.58124
0.57669
0.57187
0.60217
0.56512
0.66131
0.68203
0.66929
0.82473
0.92362
0.96133
0.98633
0.92021
0.97300
0.98019
0.95655
0.96483
0.84825
0.82673
0.89641
0.97741
0.96205
0.97396
0.94054
0.80645
0.88707
0.90851
0.87228
0.86485
0.73652
0.66900
0.61348
0.53521
0.51553
0.47080
0.65986
0.56452
0.53144
0.46926
0.38781
0.34375
0.40713
0.44830
0.43435
0.49768
0.46864
0.56856
0.55628
0.60962
0.61932
0.60050
0.66657
0.60028
0.67304
0.64124
0.72360
0.74087
0.77945
0.78806
0.65148
0.62803
0.62002
0.67783
0.70326
0.66970
0.69176
0.73525
0.72957
0.75809
0.81238
0.81238
0.83475
0.83475
0.87560
0.88140
0.62624
0.62624
0.56940
0.57710
0.55600
0.61317
0.65236
0.58139
0.70405
0.81697
0.77248
0.68624
0.77226
0.74933
0.69386
0.78327
0.69874
0.71462
0.74147
0.66256
0.69128
0.58863
0.48616
0.49231
0.50528
0.55115
0.60773
0.56485
0.50024
0.61958
0.67213
0.59814
0.68768
0.64285
0.60792
0.56735
0.56003
0.43124
0.53575
0.58356
0.63405
0.58369
0.56751
0.55752
0.53717
0.60322
0.61939
0.52813
0.75185
0.60755
0.79188
0.73376
0.61174
0.43736
0.46286
0.50878
0.59441
0.64681
0.65983
0.70325
0.62324
0.57720
0.57720
0.60040
0.53518
0.54349
0.56087
0.52964
0.55775
0.55570
0.55134
0.55509
0.57858
0.57858
0.79169
0.81764
0.62675
0.58530
0.52375
0.53926
0.56479
0.52861
0.46296
0.45474
0.48407
0.52795
0.47177
0.52269
0.56853
0.56619
0.63420
0.72566
0.72262
0.73537
0.76135
0.82266
0.82266
0.73114
0.78073
0.71625
0.74055
0.79087
0.73423
0.69493
0.74945
0.70866
0.75623
0.75990
0.75556
0.86868
0.93106
0.80669
0.81294
0.80443
0.77812
0.77358
0.74546
0.80764
0.85644
0.85102
0.78182
0.72335
0.67362
0.77677
0.76714
0.77162
0.69695
0.82206
0.84442
0.84827
0.88313
0.98311
0.98874
0.79471
0.87287
0.90213
0.84166
0.84827
0.87833
0.85758
0.88592
0.78377
0.88436
0.92269
0.78829
0.66930
0.55080
0.44669
0.38910
0.46071
0.35930
0.37493
0.37147
0.45948
0.51137
0.57518
0.54073
0.61390
0.58074
0.59809
0.63597
0.61986
0.59885
0.68495
0.70521
0.66942
0.66109
0.75082
0.77087
0.70204
0.73308
0.78086
0.72809
0.82628
0.83904
0.84962
0.87888
0.87466
0.91305
0.86795
0.85432
0.79182
0.78300
0.64724
0.59928
0.67673
0.71463
0.65211
0.61968
0.53389
0.47279
0.36811
0.36235
0.33419
0.50990
0.36768
0.49597
0.48381
0.49768
0.55571
0.56401
0.60883
0.63382
0.70039
0.64761
0.67472
0.61594
0.63060
0.66047
0.75091
0.79030
0.71872
0.68286
0.66748
0.62934
0.66141
0.66141
0.69557
0.60451
0.60819
0.62746
0.70453
0.68786
0.71744
0.73243
0.76269
0.78532
0.73693
0.71957
0.79738
0.86755
0.82415
0.79557
0.90310
0.91491
0.91800
0.93091
0.86771
0.85075
0.72377
0.69259
0.69753
0.76044
0.67129
0.74962
0.76274
0.75759
0.79077
0.75159
0.74031
0.72853
0.74057
0.69634
0.65996
0.64191
0.60061
0.50980
0.52638
0.56824
0.45610
0.43750
0.33920
0.32491
0.29787
0.28923
0.28478
0.35674
0.51902
0.51508
0.49482
0.62027
0.72287
0.69688
0.70261
0.62501
0.71197
0.76381
0.74670
0.74074
0.78057
0.83859
0.86343
0.84109
0.85207
0.84378
0.86788
0.77553
0.88093
0.91108
0.95350
1.00000
0.94993
0.91521
0.92548
0.81531
0.84500
0.81212
0.83767
0.90255
0.82517
0.84969
0.77561
0.83326
0.88521
0.90709
0.91818
0.97553
0.99009
1.00000
0.93245
0.93245
0.99109
0.90443
0.95762
0.97963
0.98524
0.82902
0.91033
0.89129
1.00000
0.87086
0.75556
0.90035
0.86274
0.86745
0.95046
0.87811
1.00000
0.99779
0.96555
1.00000
0.99153
1.00000
0.98520
0.93186
0.91659
0.86327
0.89513
0.86327
0.86327
0.90665
0.94148
1.00000
0.97090
0.97090
0.97848
0.97848
0.78810
0.79774
0.82743
0.83758
0.70295
0.80453
0.85906
0.89396
0.93620
0.94467
0.93235
0.98629
0.94665
0.93319
0.87933
0.90184
0.79819
0.91859
0.90569
0.79722
0.93573
0.86873
0.69823
0.79111
0.63393
0.58495
0.61305
0.64166
0.63522
0.66633
0.67703
0.61101
0.54717
0.49182
0.61319
0.70045
0.76276
0.76276
0.90034
0.86539
0.88097
0.88097
0.88097
0.72368
0.57429
0.62278
0.59899
0.60944
0.56601
0.55386
0.48153
0.48153
0.45007
0.41592
0.41592
0.39133
0.35109
0.35109
0.31368
0.34631
0.39573
0.47548
0.53634
0.68392
0.74249
0.81822
0.81822
0.71648
0.61026
0.58168
0.59468
0.62162
0.81542
0.92656
0.88630
0.78524
0.83802
0.88005
0.85073
0.77645
0.73335
0.71623
0.84406
0.93990
0.96881
0.86132
0.90072
0.94599
0.93551
0.84480
0.74918
0.90826
1.00000
1.00000
0.94708
1.00000
0.97229
1.00000
0.84587
0.69455
0.66264
0.79285
0.79285
0.93549
0.93549
0.99471
0.95464
0.94643
0.92084
0.95293
1.00000
0.99148
1.00000
0.98003
0.98977
1.00000
0.98748
1.00000
1.00000
0.98503
0.92829
0.92829
0.85675
0.63529
0.65426
0.65426
0.56807
0.55240
0.73323
0.71310
0.65501
0.55724
0.61629
0.82593
0.98146
0.94711
0.93536
0.73814
0.83735
0.86500
0.87939
0.87939
0.84474
0.86205
0.89773
1.00000
1.00000
0.97761
1.00000
1.00000